function [scenario, egoVehicle] = cDrivingScenario()
% createDrivingScenario Returns the drivingScenario defined in the Designer

% Generated by MATLAB(R) 9.13 (R2022b) and Automated Driving Toolbox 3.6 (R2022b).
% Generated on: 30-Jul-2023 09:39:07

% Construct a drivingScenario object.
scenario = drivingScenario;

% Add all road segments
roadCenters = [-578.97 91.85 0;
    -563.985685823375 91.1749233242601 0;
    -549.025136443497 90.0937414918281 0;
    -534.097050502405 88.6306139522028 0;
    -519.208312053869 86.8097988189261 0;
    -504.364102931517 84.6555768566255 0;
    -489.567452772324 82.1954277297403 0;
    -474.81332911751 79.491527654498 0;
    -460.107065028449 76.5385969380934 0;
    -445.459142860963 73.3088911486415 0;
    -430.881643947394 69.7751076267485 0;
    -416.388398532422 65.9104896187897 0;
    -401.995129082112 61.6889471046699 0;
    -387.719585407493 57.085195554404 0;
    -373.581669807715 52.0749137133314 0;
    -359.603550190223 46.6349213509641 0;
    -345.809758869699 40.7433777092521 0;
    -332.227274488002 34.3800011483039 0;
    -318.885556383106 27.5263621849345 0;
    -305.803991976005 20.1881255464582 0;
    -292.968631050494 12.4269195720064 0;
    -280.354792012613 4.31034363806323 0;
    -267.932591223758 -4.09684183117162 0;
    -255.66792817636 -12.7324163879962 0;
    -243.523415039944 -21.536298698393 0;
    -231.459258029474 -30.4500668099991 0;
    -219.434100696889 -39.416421057939 0;
    -207.405841162522 -48.3786098965945 0;
    -195.332436535681 -57.2798381004012 0;
    -183.174386341878 -66.0650134385814 0;
    -170.891779044999 -74.6750052362761 0;
    -158.437447094005 -83.0343996594607 0;
    -145.768300217538 -91.0641378218433 0;
    -132.847321286066 -98.681555921199 0;
    -119.645163537985 -105.799928130345 0;
    -106.142498975841 -112.329645565979 0;
    -92.3428300284268 -118.205300077446 0;
    -78.2603371300356 -123.365771388802 0;
    -63.9157864609175 -127.74450586479 0;
    -49.3394025814366 -131.274427875347 0;
    -34.5716152666864 -133.888835826841 0;
    -19.6637420287375 -135.522490993148 0;
    -4.67857425080462 -136.112906805717 0;
    10.3091699200008 -135.601841952681 0;
    25.2125673164798 -133.936995074914 0;
    39.9324315811978 -131.073891922379 0;
    54.3575237956172 -126.977947473262 0;
    68.3650844059786 -121.626679539294 0;
    81.8348066964118 -115.037292833525 0;
    94.6937024040411 -107.322282421067 0;
    106.900201231551 -98.6106935663855 0;
    118.434724459641 -89.0262458550931 0;
    129.296987266924 -78.6853928416103 0;
    139.503353722612 -67.6960403362039 0;
    149.0843267141 -56.1568379593587 0;
    158.080060164248 -44.1553941422653 0;
    166.495140068997 -31.7399112076566 0;
    174.317161288506 -18.9424416254649 0;
    181.539681182769 -5.79725688693276 0;
    188.158399085269 7.66211363818376 0;
    194.171036777478 21.4029887982199 0;
    199.577217220798 35.3936296046898 0;
    204.378342471183 49.6033214688659 0;
    208.577471622859 64.0024452164611 0;
    212.179199549952 78.5625374022677 0;
    215.18953713873 93.2563404740617 0;
    217.615793629361 108.057843355389 0;
    219.466461614724 122.942313030426 0;
    220.751105175525 137.886317721837 0;
    221.480251565779 152.867742254702 0;
    221.665286801044 167.865796196857 0;
    221.318355443673 182.861015359026 0;
    220.452264824962 197.835257227198 0;
    219.080393893443 212.771690885589 0;
    217.216606831727 227.654781971456 0;
    214.875171541237 242.470273183652 0;
    212.070683054795 257.205160845359 0;
    208.820943965683 271.848355129352 0;
    205.163423477609 286.395135179734 0;
    201.122660471243 300.84019476701 0;
    196.719499586229 315.178983883085 0;
    191.974615503835 329.408386604977 0;
    186.908466934081 343.526638404321 0;
    181.5412593766 357.533243539005 0;
    175.892916129396 371.428892959914 0;
    169.983057014508 385.215383091604 0;
    163.830984289143 398.8955357761 0;
    157.455675214341 412.473119604165 0;
    150.875780759972 425.952772798228 0;
    144.109629934059 439.339927755729 0;
    137.175239235548 452.640737310953 0;
    130.090326741974 465.862002727215 0;
    122.872330356638 479.011103389647 0;
    115.538429753254 492.095928131508 0;
    108.10557156928 505.124808093876 0;
    100.578283933448 518.099337457355 0;
    92.9500755851851 531.014828312673 0;
    85.2933888773648 543.913476417417 0;
    77.6874857227818 556.842099960057 0;
    70.2121757810128 569.846579712199 0;
    62.9486434105137 582.97037947998 0;
    55.9801999907554 596.25302520078 0;
    49.3929141231323 609.728521181064 0;
    43.2760696343102 623.423687276215 0;
    37.7223981661155 637.356408329739 0;
    32.8280298636629 651.533797075588 0;
    28.6921028246848 665.950284115159 0;
    25.4159702474712 680.58566361693 0;
    23.1019444586819 695.403141066091 0;
    21.8515202037567 710.347449577779 0;
    21.7630268542908 725.343123627512 0;
    22.9286717294372 740.293042901813 0;
    25.4309557715619 755.077383319481 0;
    29.3248229753461 769.557283494185 0;
    34.5135104304799 783.626382440596 0;
    40.8225763848046 797.231063274922 0;
    48.0829583383302 810.353736872918 0;
    56.1347262176039 823.007164062671 0;
    64.8285750607893 835.229114673181 0;
    74.0260198399272 847.077380947238 0;
    83.5985579002477 858.625223140646 0;
    93.4260420276301 869.957251199786 0;
    103.394481157432 881.165690211126 0;
    113.393461334779 892.346936927101 0;
    123.31348880545 903.598176346175 0;
    133.108990966886 914.958028464212 0;
    142.76570111007 926.436013151696 0;
    152.233253952209 938.070403619269 0;
    161.459364329275 949.897036079614 0;
    170.389427694389 961.948608616332 0;
    178.966188550706 974.253933659736 0;
    187.129493701244 986.837138886808 0;
    194.81614858645 999.71681394859 0;
    201.959896364991 1012.90510359095 0;
    208.486823049832 1026.40893352062 0;
    214.317597137364 1040.22754358346 0;
    219.45981236909 1054.317056135 0;
    223.938332430836 1068.63153044499 0;
    227.781238722363 1083.1297271469 0;
    231.019295311198 1097.7750229759 0;
    233.685466904939 1112.53527493149 0;
    235.814490069487 1127.3826424366 0;
    237.442496921593 1142.29337522186 0;
    238.606689700614 1157.24757379733 0;
    239.345063958992 1172.22892850863 0;
    239.696177585246 1187.22444232866 0;
    239.698962468626 1202.22414172637 0;
    239.392575312946 1217.2207791912 0;
    238.816283890966 1232.20953028618 0;
    238.009384883912 1247.18768745966 0;
    236.996196676342 1262.15329973137 0;
    235.745253184028 1277.10085726006 0;
    234.21268779833 1292.02210001887 0;
    232.354974212794 1306.90627685591 0;
    230.129075035587 1321.73976740317 0;
    227.492634653185 1336.50571374906 0;
    224.404219369699 1351.18366565598 0;
    220.823609641945 1365.74924419742 0;
    216.71214874985 1380.17382974083 0;
    212.033151606462 1394.42428132607 0;
    206.752376593023 1408.46269566654 0;
    200.838562273246 1422.2462152038 0;
    194.264029568392 1435.72689584306 0;
    187.005348433703 1448.85164614802 0;
    179.044066243312 1461.56225082839 0;
    170.376963570619 1473.80242593114 0;
    161.051462811981 1485.54897833374 0;
    151.127844428607 1496.79503758185 0;
    140.663710767962 1507.54023378704 0;
    129.713670891641 1517.79006000076 0;
    118.329121821304 1527.55525435239 0;
    106.558117981988 1536.85121078636 0;
    94.4453189925515 1545.69742403122 0;
    82.0320063308898 1554.1169726643 0;
    69.3561599276802 1562.13604257443 0;
    56.45258637261 1569.78349176689 0;
    43.353091112617 1577.09045628622 0;
    30.0855221347587 1584.08774380559 0;
    16.6579903763454 1590.77282467655 0;
    3.0657689590997 1597.1162135269 0;
    -10.6941203389912 1603.08701906025 0;
    -24.6223499943006 1608.65364777056 0;
    -38.7170829291544 1613.78386819571 0;
    -52.9737660100671 1618.44490075349 0;
    -67.3849225360551 1622.60353522806 0;
